-4.564039094837940347e+00 -2.586586275242332977e-01
-2.981073267055688536e+00 -1.013495419389665475e+00
-4.781231313925794701e+00 4.409789254486833343e-01
-2.631200036059451186e+00 -4.980300042601819022e-01
-2.271276527398005562e+00 6.318408514408941912e-01
-4.102652196285031749e+00 2.048429533455851659e-01
-4.067803771047830530e+00 6.789542617014048265e-01
-4.078237849907423218e+00 -2.201514658765083787e+00
-5.053840203784005780e+00 -1.334385349102408691e+00
-2.717224574293981121e+00 -2.421324378476921446e-01
-3.509054892238219203e+00 2.014344237160327622e-01
-2.612341172319720517e+00 -1.110347776210158788e+00
-3.082985685692187783e+00 -2.504133360097273275e+00
-2.045040314008659710e+00 -2.148076668708618797e+00
-3.153363674093923930e+00 3.580593313313845671e-02
-3.417821431329435278e+00 7.365242436394162096e-02
-3.251829886882488196e+00 -2.591792021361165044e-01
-2.265784908767191741e+00 -6.063761546084072140e-01
-1.816389862888847517e+00 1.516006296254928110e-01
-3.730962250789278123e+00 -1.394405342112965407e+00
-1.651702691965000636e+00 2.304751229944588253e+00
-3.339668381512275630e+00 -4.222687993311847743e-01
-2.763888612849055182e+00 -2.388742462789575360e-01
-3.996144602147816194e+00 1.494451945549700733e+00
-3.433196737769532270e+00 -1.627055610786401374e+00
-2.912414348877166770e+00 -8.265436830760410913e-01
-3.231867188715565220e+00 1.393407187530478764e+00
-3.463517665851745697e+00 -2.482994534007516130e+00
-4.097383848174982468e+00 -1.339079618124114357e-01
-2.315990033589486963e+00 -8.540946334016901176e-01
-2.051549171595395293e+00 -8.754217870938350021e-01
-2.274642580474216746e+00 4.391494902860084704e-01
-3.399830761364889486e+00 -1.455281043075250746e+00
-8.630196771303229042e-01 1.720202973085034337e-01
-2.854857448347844606e+00 -4.841734195459040380e-01
-1.328553910263693627e+00 -4.226052662266738258e-01
-3.175035824454124800e+00 7.286708578191045671e-01
-1.474555605729411134e+00 -1.687373530651951503e+00
-3.420721749831980851e+00 6.809269402795994353e-01
-2.332381479832337234e+00 5.589969025298175964e-01
-4.542391255227023805e+00 1.854508725036542405e+00
-2.511587451384292624e+00 3.469385870477915135e-01
-2.844375838628303566e+00 2.987889468863438869e-01
-3.166759193706210063e+00 -9.650051566882935639e-01
-3.465772089978679915e+00 8.426851963442111293e-01
-2.517742304522890606e+00 5.077035070136552974e-01
-4.189768310038265220e+00 3.053664514679579334e-01
-1.413941687466038655e+00 9.476453924124497163e-01
-2.382685343728588645e+00 6.082047234271867886e-01
-4.305473749322863419e+00 -2.177274469604928431e-01
-6.887918868943977424e-01 4.149639634857744674e+00
1.295870871191193263e+00 1.782358178436176832e+00
2.844912787768292817e-01 2.299464723138025857e+00
-7.082192577906354369e-01 3.095916076589203758e+00
-1.648635985688788885e-01 1.054240472480022284e+00
-1.085585516609754775e+00 3.584934044347845905e+00
2.699111846835102191e-01 2.667333471052502070e+00
9.130114726483030685e-01 3.462647586773571540e+00
-2.341470489066854732e-03 3.614139450886339588e+00
2.703854993295909948e-01 1.702752005140508063e+00
-7.442329765000332831e-01 4.132398902196399604e+00
5.741489558056954712e-01 3.989183478103270453e+00
2.829641708463239147e-01 2.700874820433497803e+00
1.662027477693078514e-01 3.525582744139218239e+00
-1.639371093827063142e+00 3.050957918895433441e+00
4.587349076260527903e-01 3.604781986520102954e+00
-4.815808340998263271e-01 2.154028907981475616e+00
-2.316474342177248680e+00 2.989927200567700893e+00
1.883639541654082317e+00 3.173170196349733629e+00
2.547726566379982516e-01 2.780356658822877858e+00
-1.597740555397104467e+00 2.073445760794569104e+00
-1.115755278188483413e+00 3.544058435759755099e+00
6.786251086324860404e-01 2.608958969266261363e+00
6.918557920933758876e-01 3.069883512383481339e+00
5.225599215641796302e-01 2.528380792952782841e+00
9.488486363320418615e-01 5.205271108751791331e+00
-8.701461227885062266e-01 3.357727257650267472e+00
2.207608765098002301e+00 3.692729960171403647e+00
-8.679406308536153913e-01 2.372839527799676773e+00
6.475260448208121355e-02 3.298211822284811134e+00
5.249220265580042399e-01 2.665145709968480325e+00
2.700458505075875593e-02 3.541723475387615228e+00
4.975680758819988614e-01 1.598411810127783328e+00
1.216019908716198028e+00 1.452334071097461488e+00
7.200850127268099143e-02 8.852478463952770937e-01
1.026116894350817432e+00 1.646879846362675703e+00
2.643714302557192974e-02 2.383180487825513172e+00
2.630614836677830359e-02 2.322198997445159119e+00
3.327450167318596885e-01 2.748361668863471330e+00
4.436746712353838162e-02 2.881888662665789358e+00
1.724512653481623747e+00 3.928049126193164930e+00
-9.972507543438615674e-01 3.205529972656234960e+00
8.600873382402051126e-01 3.838529647970642777e+00
-8.409409054350285018e-02 2.847529418338105245e+00
-3.756309661856289672e-01 2.886997889057182576e+00
-1.880631581711768308e-01 3.073677865647370666e+00
2.688284655846601701e-01 3.129395955708503596e+00
-3.528002211309258507e-01 2.337113716568602673e+00
4.810324137426118529e-01 4.303179744195189116e-01
-6.564544629684870847e-01 4.116125263042197169e+00
